":BEGIN"	"11:17:25 05:42:01"
"PATTERN: "
"DISPLAY: Laser Alignment"
"UNIT: "
"X_MidLine2"	270.03849	270.00000	0.00000	0.00000	0.03849	                
":END"
":BEGIN"	"11:17:25 09:07:04"
"PATTERN: SK-M*****-CAL-TRIM-CO2"
"DISPLAY: AT-2539_Bushing CABLE PREP ALIGN"
"UNIT: IN"
"A1_CO2"	-111.11587	-111.12500	0.02000	-0.02000	-0.00913	0.00000
"A1_TRIM_CO2"	-112.37761	-112.39500	0.02000	-0.02000	-0.01739	0.00000
"A2_CO2"	-111.10094	-111.12500	0.02000	-0.02000	-0.02406	-0.00406
"A2_TRIM_CO2"	-112.38943	-112.39500	0.02000	-0.02000	-0.00557	0.00000
"B3_CO2"	111.13841	111.12500	0.02000	-0.02000	0.01341	0.00000
"B3_TRIM_CO2"	112.41916	112.39500	0.02000	-0.02000	0.02416	0.00416
"B4_CO2"	111.11643	111.12500	0.02000	-0.02000	-0.00857	0.00000
"B4_TRIM_CO2"	112.42070	112.39500	0.02000	-0.02000	0.02570	0.00570
"A_CO2"	-111.10836	-111.12500	0.02000	-0.02000	-0.01664	0.00000
"A_TRIM_CO2"	-112.38349	-112.39500	0.02000	-0.02000	-0.01151	0.00000
"B_CO2"	111.12710	111.12500	0.02000	-0.02000	0.00210	0.00000
"B_TRIM_CO2"	112.41989	112.39500	0.02000	-0.02000	0.02489	0.00489
"A_CO2_ANG_ERROR"	0.00721	0.00000	0.04500	-0.04500	0.00721	0.00000
"CF_CO2_SideA_ToolA"	0.00721	0.00000	0.04500	-0.04500	0.00721	0.00000
"A_TRIM_ANG_ERROR_CO2"	-0.00592	0.00000	0.04500	-0.04500	-0.00592	0.00000
"CF_TRIM_SideA_ToolA_CO2"	-0.00592	0.00000	0.04500	-0.04500	-0.00592	0.00000
"B_CO2_ANG_ERROR"	0.01932	0.00000	0.04500	-0.04500	0.01932	0.00000
"CF_CO2_SideB_ToolA"	0.01932	0.00000	0.04500	-0.04500	0.01932	0.00000
"B_TRIM_ANG_ERROR_CO2"	0.00243	0.00000	0.04500	-0.04500	0.00243	0.00000
"CF_TRIM_SideB_ToolA"	0.00243	0.00000	0.04500	-0.04500	0.00243	0.00000
"A_CO2_ERROR"	-0.01664	0.00000	0.02000	-0.02000	-0.01664	0.00000
"CF_CO2_SideA_BaseZ"	0.01664	0.00000	0.02000	-0.02000	0.01664	0.00000
"B_CO2_ERROR"	0.00210	0.00000	0.02000	-0.02000	0.00210	0.00000
"CF_CO2_SideB_BaseZ"	-0.00210	0.00000	0.02000	-0.02000	-0.00210	0.00000
"A_TRIM_ERROR_CO2"	-0.01151	0.00000	0.02000	-0.02000	-0.01151	0.00000
"CF_TRIM_SideA_BaseZ_CO2"	0.01151	0.00000	0.02000	-0.02000	0.01151	0.00000
"B_TRIM_ERROR_CO2"	0.02489	0.00000	0.02000	-0.02000	0.02489	0.00489
"CF_TRIM_SideB_BaseZ_CO2"	-0.02489	0.00000	0.02000	-0.02000	-0.02489	-0.00489
":END"
